
                  5.7059320000	
                  5.7059320000	
                  5.7059320000	
                  5.7059320000	
                  5.7059320000	
                  5.8532460000	
                  5.8532460000	
                  5.8532460000	
                  5.8532460000	
                  5.8532460000	
                  6.0036670000	
                  6.0036670000	
                  6.0036670000	
                  6.0036670000	
                  6.0036670000	
                  6.1573420000	
                  6.1573420000	
                  6.1573420000	
                  6.1573420000	
                  6.1573420000	
                  6.3144180000	
                  6.3144180000	
                  6.3144180000	
                  6.3144180000	
                  6.3144180000	
                  6.4747490000	
                  6.4747490000	
                  6.4747490000	
                  6.4747490000	
                  6.4747490000	
                  6.6384810000	
                  6.6384810000	
                  6.6384810000	
                  6.6384810000	
                  6.6384810000	
                  6.8057630000	
                  6.8057630000	
                  6.8057630000	
                  6.8057630000	
                  6.8057630000	
                  6.9764470000	
                  6.9764470000	
                  6.9764470000	
                  6.9764470000	
                  6.9764470000	
                  7.1508290000	
                  7.1508290000	
                  7.1508290000	
                  7.1508290000	
                  7.1508290000	
                  7.3287600000	
                  7.3287600000	
                  7.3287600000	
                  7.3287600000	
                  7.3287600000	
                  7.5103890000	
                  7.5103890000	
                  7.5103890000	
                  7.5103890000	
                  7.5103890000	
                  7.6957160000	
                  7.6957160000	
                  7.6957160000	
                  7.6957160000	
                  7.6957160000	
                  7.8847400000	
                  7.8847400000	
                  7.8847400000	
                  7.8847400000	
                  7.8847400000	
                  8.0777580000	
                  8.0777580000	
                  8.0777580000	
                  8.0777580000	
                  8.0777580000	
                  8.2746210000	
                  8.2746210000	
                  8.2746210000	
                  8.2746210000	
                  8.2746210000	
                  8.4754780000	
                  8.4754780000	
                  8.4754780000	
                  8.4754780000	
                  8.4754780000	
                  8.6801810000	
                  8.6801810000	
                  8.6801810000	
                  8.6801810000	
                  8.6801810000	
                  8.8891720000	
                  8.8891720000	
                  8.8891720000	
                  8.8891720000	
                  8.8891720000	
                  9.1021580000	
                  9.1021580000	
                  9.1021580000	
                  9.1021580000	
                  9.1021580000	
                  9.3192840000	
                  9.3192840000	
                  9.3192840000	
                  9.3192840000	
                  9.3192840000	
                  9.5407000000	
                  9.5407000000	
                  9.5407000000	
                  9.5407000000	
                  9.5407000000	
                  9.7662570000	
                  9.7662570000	
                  9.7662570000	
                  9.7662570000	
                  9.7662570000	
                  9.9962520000	
                  9.9962520000	
                  9.9962520000	
                  9.9962520000	
                  9.9962520000	
                 10.2306830000	
                 10.2306830000	
                 10.2306830000	
                 10.2306830000	
                 10.2306830000	
                 10.4695520000	
                 10.4695520000	
                 10.4695520000	
                 10.4695520000	
                 10.4695520000	
                 10.7128580000	
                 10.7128580000	
                 10.7128580000	
                 10.7128580000	
                 10.7128580000	
                 10.9607490000	
                 10.9607490000	
                 10.9607490000	
                 10.9607490000	
                 10.9607490000	
                 11.2133730000	
                 11.2133730000	
                 11.2133730000	
                 11.2133730000	
                 11.2133730000	
                 11.4704340000	
                 11.4704340000	
                 11.4704340000	
                 11.4704340000	
                 11.4704340000	
                 11.7323770000	
                 11.7323770000	
                 11.7323770000	
                 11.7323770000	
                 11.7323770000	
                 11.9990520000	
                 11.9990520000	
                 11.9990520000	
                 11.9990520000	
                 11.9990520000	
                 12.2706080000	
                 12.2706080000	
                 12.2706080000	
                 12.2706080000	
                 12.2706080000	
                 12.5470450000	
                 12.5470450000	
                 12.5470450000	
                 12.5470450000	
                 12.5470450000	
                 12.8283630000	
                 12.8283630000	
                 12.8283630000	
                 12.8283630000	
                 12.8283630000	
                 13.1147100000	
                 13.1147100000	
                 13.1147100000	
                 13.1147100000	
                 13.1147100000	
                 13.4060850000	
                 13.4060850000	
                 13.4060850000	
                 13.4060850000	
                 13.4060850000	
                 13.7026370000	
                 13.7026370000	
                 13.7026370000	
                 13.7026370000	
                 13.7026370000	
                 14.0042190000	
                 14.0042190000	
                 14.0042190000	
                 14.0042190000	
                 14.0042190000	
                 14.3111240000	
                 14.3111240000	
                 14.3111240000	
                 14.3111240000	
                 14.3111240000	
                 14.6232070000	
                 14.6232070000	
                 14.6232070000	
                 14.6232070000	
                 14.6232070000	
                 14.9406140000	
                 14.9406140000	
                 14.9406140000	
                 14.9406140000	
                 14.9406140000	
                 15.2634930000	
                 15.2634930000	
                 15.2634930000	
                 15.2634930000	
                 15.2634930000	
                 15.5916980000	
                 15.5916980000	
                 15.5916980000	
                 15.5916980000	
                 15.5916980000	
                 15.9253740000	
                 15.9253740000	
                 15.9253740000	
                 15.9253740000	
                 15.9253740000	
                 16.2645240000	
                 16.2645240000	
                 16.2645240000	
                 16.2645240000	
                 16.2645240000	
                 16.6092930000	
                 16.6092930000	
                 16.6092930000	
                 16.6092930000	
                 16.6092930000	
                 16.9596840000	
                 16.9596840000	
                 16.9596840000	
                 16.9596840000	
                 16.9596840000	
                 17.3156940000	
                 17.3156940000	
                 17.3156940000	
                 17.3156940000	
                 17.3156940000	
                 17.6773250000	
                 17.6773250000	
                 17.6773250000	
                 17.6773250000	
                 17.6773250000	
                 18.0448730000	
                 18.0448730000	
                 18.0448730000	
                 18.0448730000	
                 18.0448730000	
                 18.4180400000	
                 18.4180400000	
                 18.4180400000	
                 18.4180400000	
                 18.4180400000	
                 18.7971250000	
                 18.7971250000	
                 18.7971250000	
                 18.7971250000	
                 18.7971250000	
                 19.1821250000	
                 19.1821250000	
                 19.1821250000	
                 19.1821250000	
                 19.1821250000	
                 19.5730410000	
                 19.5730410000	
                 19.5730410000	
                 19.5730410000	
                 19.5730410000	
                 19.9698740000	
                 19.9698740000	
                 19.9698740000	
                 19.9698740000	
                 19.9698740000	
                 20.3727710000	
                 20.3727710000	
                 20.3727710000	
                 20.3727710000	
                 20.3727710000	
                 20.7817320000	
                 20.7817320000	
                 20.7817320000	
                 20.7817320000	
                 20.7817320000	
                 21.1967570000	
                 21.1967570000	
                 21.1967570000	
                 21.1967570000	
                 21.1967570000	
                 21.6178470000	
                 21.6178470000	
                 21.6178470000	
                 21.6178470000	
                 21.6178470000	
                 22.0451480000	
                 22.0451480000	
                 22.0451480000	
                 22.0451480000	
                 22.0451480000	
                 22.4786620000	
                 22.4786620000	
                 22.4786620000	
                 22.4786620000	
                 22.4786620000	
                 22.9183880000	
                 22.9183880000	
                 22.9183880000	
                 22.9183880000	
                 22.9183880000	
                 23.3643250000	
                 23.3643250000	
                 23.3643250000	
                 23.3643250000	
                 23.3643250000	
                 23.8166230000	
                 23.8166230000	
                 23.8166230000	
                 23.8166230000	
                 23.8166230000	
                 24.2752810000	
                 24.2752810000	
                 24.2752810000	
                 24.2752810000	
                 24.2752810000	
                 24.7401500000	
                 24.7401500000	
                 24.7401500000	
                 24.7401500000	
                 24.7401500000	
                 25.2115280000	
                 25.2115280000	
                 25.2115280000	
                 25.2115280000	
                 25.2115280000	
                 25.6892660000	
                 25.6892660000	
                 25.6892660000	
                 25.6892660000	
                 25.6892660000	
                 26.1735110000	
                 26.1735110000	
                 26.1735110000	
                 26.1735110000	
                 26.1735110000	
                 26.6641170000	
                 26.6641170000	
                 26.6641170000	
                 26.6641170000	
                 26.6641170000	
                 27.1612300000	
                 27.1612300000	
                 27.1612300000	
                 27.1612300000	
                 27.1612300000	
                 27.6648510000	
                 27.6648510000	
                 27.6648510000	
                 27.6648510000	
                 27.6648510000	
                 28.1749800000	
                 28.1749800000	
                 28.1749800000	
                 28.1749800000	
                 28.1749800000	
                 28.6916170000	
                 28.6916170000	
                 28.6916170000	
                 28.6916170000	
                 28.6916170000	
                 29.2147620000	
                 29.2147620000	
                 29.2147620000	
                 29.2147620000	
                 29.2147620000	
                 29.7445630000	
                 29.7445630000	
                 29.7445630000	
                 29.7445630000	
                 29.7445630000	
                 30.2808710000	
                 30.2808710000	
                 30.2808710000	
                 30.2808710000	
                 30.2808710000	
                 30.8238350000	
                 30.8238350000	
                 30.8238350000	
                 30.8238350000	
                 30.8238350000	
                 31.3733080000	
                 31.3733080000	
                 31.3733080000	
                 31.3733080000	
                 31.3733080000	
                 31.9294350000	
                 31.9294350000	
                 31.9294350000	
                 31.9294350000	
                 31.9294350000	
                 32.4922190000	
                 32.4922190000	
                 32.4922190000	
                 32.4922190000	
                 32.4922190000	
                 33.0615110000	
                 33.0615110000	
                 33.0615110000	
                 33.0615110000	
                 33.0615110000	
                 33.6374580000	
                 33.6374580000	
                 33.6374580000	
                 33.6374580000	
                 33.6374580000	
                 34.2200610000	
                 34.2200610000	
                 34.2200610000	
                 34.2200610000	
                 34.2200610000	
                 34.8091730000	
                 34.8091730000	
                 34.8091730000	
                 34.8091730000	
                 34.8091730000	
                 35.4049390000	
                 35.4049390000	
                 35.4049390000	
                 35.4049390000	
                 35.4049390000	
                 36.0072140000	
                 36.0072140000	
                 36.0072140000	
                 36.0072140000	
                 36.0072140000	
                 36.6161450000	
                 36.6161450000	
                 36.6161450000	
                 36.6161450000	
                 36.6161450000	
                 37.2317310000	
                 37.2317310000	
                 37.2317310000	
                 37.2317310000	
                 37.2317310000	
                 37.8536770000	
                 37.8536770000	
                 37.8536770000	
                 37.8536770000	
                 37.8536770000	
                 38.4822790000	
                 38.4822790000	
                 38.4822790000	
                 38.4822790000	
                 38.4822790000	
                 39.1173890000	
                 39.1173890000	
                 39.1173890000	
                 39.1173890000	
                 39.1173890000	
                 39.7590070000	
                 39.7590070000	
                 39.7590070000	
                 39.7590070000	
                 39.7590070000	
                 40.4071330000	
                 40.4071330000	
                 40.4071330000	
                 40.4071330000	
                 40.4071330000	
                 41.0616190000	
                 41.0616190000	
                 41.0616190000	
                 41.0616190000	
                 41.0616190000	
                 41.7226120000	
                 41.7226120000	
                 41.7226120000	
                 41.7226120000	
                 41.7226120000	
                 42.3899660000	
                 42.3899660000	
                 42.3899660000	
                 42.3899660000	
                 42.3899660000	
                 43.0636790000	
                 43.0636790000	
                 43.0636790000	
                 43.0636790000	
                 43.0636790000	
                 43.7437530000	
                 43.7437530000	
                 43.7437530000	
                 43.7437530000	
                 43.7437530000	
                 44.4300380000	
                 44.4300380000	
                 44.4300380000	
                 44.4300380000	
                 44.4300380000	
                 45.1226840000	
                 45.1226840000	
                 45.1226840000	
                 45.1226840000	
                 45.1226840000	
                 45.8215410000	
                 45.8215410000	
                 45.8215410000	
                 45.8215410000	
                 45.8215410000	
                 46.5264630000	
                 46.5264630000	
                 46.5264630000	
                 46.5264630000	
                 46.5264630000	
                 47.2375970000	
                 47.2375970000	
                 47.2375970000	
                 47.2375970000	
                 47.2375970000	
                 47.9546470000	
                 47.9546470000	
                 47.9546470000	
                 47.9546470000	
                 47.9546470000	
                 48.6779090000	
                 48.6779090000	
                 48.6779090000	
                 48.6779090000	
                 48.6779090000	
                 49.4069400000	
                 49.4069400000	
                 49.4069400000	
                 49.4069400000	
                 49.4069400000	
                 50.1420340000	
                 50.1420340000	
                 50.1420340000	
                 50.1420340000	
                 50.1420340000	
                 50.8828980000	
                 50.8828980000	
                 50.8828980000	
                 50.8828980000	
                 50.8828980000	
                 51.6295290000	
                 51.6295290000	
                 51.6295290000	
                 51.6295290000	
                 51.6295290000	
                 52.3819290000	
                 52.3819290000	
                 52.3819290000	
                 52.3819290000	
                 52.3819290000	
                 53.1398010000	
                 53.1398010000	
                 53.1398010000	
                 53.1398010000	
                 53.1398010000	
                 53.9034410000	
                 53.9034410000	
                 53.9034410000	
                 53.9034410000	
                 53.9034410000	
                 54.6725550000	
                 54.6725550000	
                 54.6725550000	
                 54.6725550000	
                 54.6725550000	
                 55.4469920000	
                 55.4469920000	
                 55.4469920000	
                 55.4469920000	
                 55.4469920000	
                 56.2267550000	
                 56.2267550000	
                 56.2267550000	
                 56.2267550000	
                 56.2267550000	
                 57.0118420000	
                 57.0118420000	
                 57.0118420000	
                 57.0118420000	
                 57.0118420000	
                 57.8021050000	
                 57.8021050000	
                 57.8021050000	
                 57.8021050000	
                 57.8021050000	
                 58.5975460000	
                 58.5975460000	
                 58.5975460000	
                 58.5975460000	
                 58.5975460000	
                 59.3978670000	
                 59.3978670000	
                 59.3978670000	
                 59.3978670000	
                 59.3978670000	
                 60.2030700000	
                 60.2030700000	
                 60.2030700000	
                 60.2030700000	
                 60.2030700000	
                 61.0131530000	
                 61.0131530000	
                 61.0131530000	
                 61.0131530000	
                 61.0131530000	
                 61.8279690000	
                 61.8279690000	
                 61.8279690000	
                 61.8279690000	
                 61.8279690000	
                 62.6473700000	
                 62.6473700000	
                 62.6473700000	
                 62.6473700000	
                 62.6473700000	
                 63.4712090000	
                 63.4712090000	
                 63.4712090000	
                 63.4712090000	
                 63.4712090000	
                 64.2994850000	
                 64.2994850000	
                 64.2994850000	
                 64.2994850000	
                 64.2994850000	
                 65.1320490000	
                 65.1320490000	
                 65.1320490000	
                 65.1320490000	
                 65.1320490000	
                 65.9687560000	
                 65.9687560000	
                 65.9687560000	
                 65.9687560000	
                 65.9687560000	
                 66.8096040000	
                 66.8096040000	
                 66.8096040000	
                 66.8096040000	
                 66.8096040000	
                 67.6542970000	
                 67.6542970000	
                 67.6542970000	
                 67.6542970000	
                 67.6542970000	
                 68.5028360000	
                 68.5028360000	
                 68.5028360000	
                 68.5028360000	
                 68.5028360000	
                 69.3550720000	
                 69.3550720000	
                 69.3550720000	
                 69.3550720000	
                 69.3550720000	
                 70.2110060000	
                 70.2110060000	
                 70.2110060000	
                 70.2110060000	
                 70.2110060000	
                 71.0701940000	
                 71.0701940000	
                 71.0701940000	
                 71.0701940000	
                 71.0701940000	
                 71.9327840000	
                 71.9327840000	
                 71.9327840000	
                 71.9327840000	
                 71.9327840000	
                 72.7986280000	
                 72.7986280000	
                 72.7986280000	
                 72.7986280000	
                 72.7986280000	
                 73.6674300000	
                 73.6674300000	
                 73.6674300000	
                 73.6674300000	
                 73.6674300000	
                 74.5391910000	
                 74.5391910000	
                 74.5391910000	
                 74.5391910000	
                 74.5391910000	
                 75.4136130000	
                 75.4136130000	
                 75.4136130000	
                 75.4136130000	
                 75.4136130000	
                 76.2908460000	
                 76.2908460000	
                 76.2908460000	
                 76.2908460000	
                 76.2908460000	
                 77.1704450000	
                 77.1704450000	
                 77.1704450000	
                 77.1704450000	
                 77.1704450000	
                 78.0522630000	
                 78.0522630000	
                 78.0522630000	
                 78.0522630000	
                 78.0522630000	
                 78.9364470000	
                 78.9364470000	
                 78.9364470000	
                 78.9364470000	
                 78.9364470000	
                 79.8225540000	
                 79.8225540000	
                 79.8225540000	
                 79.8225540000	
                 79.8225540000	
                 80.7104360000	
                 80.7104360000	
                 80.7104360000	
                 80.7104360000	
                 80.7104360000	
                 81.6000930000	
                 81.6000930000	
                 81.6000930000	
                 81.6000930000	
                 81.6000930000	
                 82.4913770000	
                 82.4913770000	
                 82.4913770000	
                 82.4913770000	
                 82.4913770000	
                 83.3839920000	
                 83.3839920000	
                 83.3839920000	
                 83.3839920000	
                 83.3839920000	
                 84.2777900000	
                 84.2777900000	
                 84.2777900000	
                 84.2777900000	
                 84.2777900000	
                 85.1727710000	
                 85.1727710000	
                 85.1727710000	
                 85.1727710000	
                 85.1727710000	
                 86.0684920000	
                 86.0684920000	
                 86.0684920000	
                 86.0684920000	
                 86.0684920000	
                 86.9649530000	
                 86.9649530000	
                 86.9649530000	
                 86.9649530000	
                 86.9649530000	
                 87.8620050000	
                 87.8620050000	
                 87.8620050000	
                 87.8620050000	
                 87.8620050000	
                 88.7595010000	
                 88.7595010000	
                 88.7595010000	
                 88.7595010000	
                 88.7595010000	
                 89.6569970000	
                 89.6569970000	
                 89.6569970000	
                 89.6569970000	
                 89.6569970000	
                 90.5546400000	
                 90.5546400000	
                 90.5546400000	
                 90.5546400000	
                 90.5546400000	
                 91.4521360000	
                 91.4521360000	
                 91.4521360000	
                 91.4521360000	
                 91.4521360000	
                 92.3491880000	
                 92.3491880000	
                 92.3491880000	
                 92.3491880000	
                 92.3491880000	
                 93.2456490000	
                 93.2456490000	
                 93.2456490000	
                 93.2456490000	
                 93.2456490000	
                 94.1415180000	
                 94.1415180000	
                 94.1415180000	
                 94.1415180000	
                 94.1415180000	
                 95.0363510000	
                 95.0363510000	
                 95.0363510000	
                 95.0363510000	
                 95.0363510000	
                 95.9302980000	
                 95.9302980000	
                 95.9302980000	
                 95.9302980000	
                 95.9302980000	
                 96.8227650000	
                 96.8227650000	
                 96.8227650000	
                 96.8227650000	
                 96.8227650000	
                 97.7137530000	
                 97.7137530000	
                 97.7137530000	
                 97.7137530000	
                 97.7137530000	
                 98.6031140000	
                 98.6031140000	
                 98.6031140000	
                 98.6031140000	
                 98.6031140000	
                 99.4907000000	
                 99.4907000000	
                 99.4907000000	
                 99.4907000000	
                 99.4907000000	
                100.3760670000	
                100.3760670000	
                100.3760670000	
                100.3760670000	
                100.3760670000	
                101.2593640000	
                101.2593640000	
                101.2593640000	
                101.2593640000	
                101.2593640000	
                102.1399990000	
                102.1399990000	
                102.1399990000	
                102.1399990000	
                102.1399990000	
                103.0181190000	
                103.0181190000	
                103.0181190000	
                103.0181190000	
                103.0181190000	
                103.8932810000	
                103.8932810000	
                103.8932810000	
                103.8932810000	
                103.8932810000	
                104.7654850000	
                104.7654850000	
                104.7654850000	
                104.7654850000	
                104.7654850000	
                105.6344350000	
                105.6344350000	
                105.6344350000	
                105.6344350000	
                105.6344350000	
                106.4998350000	
                106.4998350000	
                106.4998350000	
                106.4998350000	
                106.4998350000	
                107.3616850000	
                107.3616850000	
                107.3616850000	
                107.3616850000	
                107.3616850000	
                108.2196900000	
                108.2196900000	
                108.2196900000	
                108.2196900000	
                108.2196900000	
                109.0735540000	
                109.0735540000	
                109.0735540000	
                109.0735540000	
                109.0735540000	
                109.9231280000	
                109.9231280000	
                109.9231280000	
                109.9231280000	
                109.9231280000	
                110.7682650000	
                110.7682650000	
                110.7682650000	
                110.7682650000	
                110.7682650000	
                111.6086690000	
                111.6086690000	
                111.6086690000	
                111.6086690000	
                111.6086690000	
                112.4441920000	
                112.4441920000	
                112.4441920000	
                112.4441920000	
                112.4441920000	
                113.2746860000	
                113.2746860000	
                113.2746860000	
                113.2746860000	
                113.2746860000	
                114.1000040000	
                114.1000040000	
                114.1000040000	
                114.1000040000	
                114.1000040000	
                114.9197010000	
                114.9197010000	
                114.9197010000	
                114.9197010000	
                114.9197010000	
                115.7336300000	
                115.7336300000	
                115.7336300000	
                115.7336300000	
                115.7336300000	
                116.5417900000	
                116.5417900000	
                116.5417900000	
                116.5417900000	
                116.5417900000	
                117.3437380000	
                117.3437380000	
                117.3437380000	
                117.3437380000	
                117.3437380000	
                118.1394750000	
                118.1394750000	
                118.1394750000	
                118.1394750000	
                118.1394750000	
                118.9285550000	
                118.9285550000	
                118.9285550000	
                118.9285550000	
                118.9285550000	
                119.7111280000	
                119.7111280000	
                119.7111280000	
                119.7111280000	
                119.7111280000	
                120.4866010000	
                120.4866010000	
                120.4866010000	
                120.4866010000	
                120.4866010000	
                121.2549740000	
                121.2549740000	
                121.2549740000	
                121.2549740000	
                121.2549740000	
                122.0161010000	
                122.0161010000	
                122.0161010000	
                122.0161010000	
                122.0161010000	
                122.7698310000	
                122.7698310000	
                122.7698310000	
                122.7698310000	
                122.7698310000	
                123.5155750000	
                123.5155750000	
                123.5155750000	
                123.5155750000	
                123.5155750000	
                124.2536280000	
                124.2536280000	
                124.2536280000	
                124.2536280000	
                124.2536280000	
                124.9835460000	
                124.9835460000	
                124.9835460000	
                124.9835460000	
                124.9835460000	
                125.7050330000	
                125.7050330000	
                125.7050330000	
                125.7050330000	
                125.7050330000	
                126.4180900000	
                126.4180900000	
                126.4180900000	
                126.4180900000	
                126.4180900000	
                127.1225680000	
                127.1225680000	
                127.1225680000	
                127.1225680000	
                127.1225680000	
                127.8180240000	
                127.8180240000	
                127.8180240000	
                127.8180240000	
                127.8180240000	
                128.5046050000	
                128.5046050000	
                128.5046050000	
                128.5046050000	
                128.5046050000	
                129.1817210000	
                129.1817210000	
                129.1817210000	
                129.1817210000	
                129.1817210000	
                129.8495180000	
                129.8495180000	
                129.8495180000	
                129.8495180000	
                129.8495180000	
                130.5077010000	
                130.5077010000	
                130.5077010000	
                130.5077010000	
                130.5077010000	
                131.1561230000	
                131.1561230000	
                131.1561230000	
                131.1561230000	
                131.1561230000	
                131.7944870000	
                131.7944870000	
                131.7944870000	
                131.7944870000	
                131.7944870000	
                132.4227930000	
                132.4227930000	
                132.4227930000	
                132.4227930000	
                132.4227930000	
                133.0407460000	
                133.0407460000	
                133.0407460000	
                133.0407460000	
                133.0407460000	
                133.6481970000	
                133.6481970000	
                133.6481970000	
                133.6481970000	
                133.6481970000	
                134.2448520000	
                134.2448520000	
                134.2448520000	
                134.2448520000	
                134.2448520000	
                134.8308570000	
                134.8308570000	
                134.8308570000	
                134.8308570000	
                134.8308570000	
                135.4057690000	
                135.4057690000	
                135.4057690000	
                135.4057690000	
                135.4057690000	
                135.9694400000	
                135.9694400000	
                135.9694400000	
                135.9694400000	
                135.9694400000	
                136.5220180000	
                136.5220180000	
                136.5220180000	
                136.5220180000	
                136.5220180000	
                137.0629120000	
                137.0629120000	
                137.0629120000	
                137.0629120000	
                137.0629120000	
                137.5922690000	
                137.5922690000	
                137.5922690000	
                137.5922690000	
                137.5922690000	
                138.1097930000	
                138.1097930000	
                138.1097930000	
                138.1097930000	
                138.1097930000	
                138.6153370000	
                138.6153370000	
                138.6153370000	
                138.6153370000	
                138.6153370000	
                139.1089000000	
                139.1089000000	
                139.1089000000	
                139.1089000000	
                139.1089000000	
                139.5903360000	
                139.5903360000	
                139.5903360000	
                139.5903360000	
                139.5903360000	
                140.0591990000	
                140.0591990000	
                140.0591990000	
                140.0591990000	
                140.0591990000	
                140.5156380000	
                140.5156380000	
                140.5156380000	
                140.5156380000	
                140.5156380000	
                140.9595050000	
                140.9595050000	
                140.9595050000	
                140.9595050000	
                140.9595050000	
                141.3906520000	
                141.3906520000	
                141.3906520000	
                141.3906520000	
                141.3906520000	
                141.8087830000	
                141.8087830000	
                141.8087830000	
                141.8087830000	
                141.8087830000	
                142.2140470000	
                142.2140470000	
                142.2140470000	
                142.2140470000	
                142.2140470000	
                142.6061470000	
                142.6061470000	
                142.6061470000	
                142.6061470000	
                142.6061470000	
                142.9849350000	
                142.9849350000	
                142.9849350000	
                142.9849350000	
                142.9849350000	
                143.3505590000	
                143.3505590000	
                143.3505590000	
                143.3505590000	
                143.3505590000	
                143.7025770000	
                143.7025770000	
                143.7025770000	
                143.7025770000	
                143.7025770000	
                144.0409860000	
                144.0409860000	
                144.0409860000	
                144.0409860000	
                144.0409860000	
                144.3659370000	
                144.3659370000	
                144.3659370000	
                144.3659370000	
                144.3659370000	
                144.6769840000	
                144.6769840000	
                144.6769840000	
                144.6769840000	
                144.6769840000	
                144.9742760000	
                144.9742760000	
                144.9742760000	
                144.9742760000	
                144.9742760000	
                145.2575160000	
                145.2575160000	
                145.2575160000	
                145.2575160000	
                145.2575160000	
                145.5268540000	
                145.5268540000	
                145.5268540000	
                145.5268540000	
                145.5268540000	
                145.7819920000	
                145.7819920000	
                145.7819920000	
                145.7819920000	
                145.7819920000	
                146.0230800000	
                146.0230800000	
                146.0230800000	
                146.0230800000	
                146.0230800000	
                146.2498200000	
                146.2498200000	
                146.2498200000	
                146.2498200000	
                146.2498200000	
                146.4622140000	
                146.4622140000	
                146.4622140000	
                146.4622140000	
                146.4622140000	
                146.6604080000	
                146.6604080000	
                146.6604080000	
                146.6604080000	
                146.6604080000	
                146.8439600000	
                146.8439600000	
                146.8439600000	
                146.8439600000	
                146.8439600000	
                147.0131650000	
                147.0131650000	
                147.0131650000	
                147.0131650000	
                147.0131650000	
                147.1678750000	
                147.1678750000	
                147.1678750000	
                147.1678750000	
                147.1678750000	
                147.3077940000	
                147.3077940000	
                147.3077940000	
                147.3077940000	
                147.3077940000	
                147.4332190000	
                147.4332190000	
                147.4332190000	
                147.4332190000	
                147.4332190000	
                147.5440010000	
                147.5440010000	
                147.5440010000	
                147.5440010000	
                147.5440010000	
                147.6401400000	
                147.6401400000	
                147.6401400000	
                147.6401400000	
                147.6401400000	
                147.7213410000	
                147.7213410000	
                147.7213410000	
                147.7213410000	
                147.7213410000	
                147.7878980000	
                147.7878980000	
                147.7878980000	
                147.7878980000	
                147.7878980000	
                147.8398140000	
                147.8398140000	
                147.8398140000	
                147.8398140000	
                147.8398140000	
                147.8767900000	
                147.8767900000	
                147.8767900000	
                147.8767900000	
                147.8767900000	
                147.8989760000	
                147.8989760000	
                147.8989760000	
                147.8989760000	
                147.8989760000	
                147.9063720000	
                147.9063720000	
                147.9063720000	
                147.9063720000	
                147.9063720000	
                147.8989760000	
                147.8989760000	
                147.8989760000	
                147.8989760000	
                147.8989760000	
                147.8767900000	
                147.8767900000	
                147.8767900000	
                147.8767900000	
                147.8767900000	
                147.8398140000	
                147.8398140000	
                147.8398140000	
                147.8398140000	
                147.8398140000	
                147.7878980000	
                147.7878980000	
                147.7878980000	
                147.7878980000	
                147.7878980000	
                147.7213410000	
                147.7213410000	
                147.7213410000	
                147.7213410000	
                147.7213410000	
                147.6401400000	
                147.6401400000	
                147.6401400000	
                147.6401400000	
                147.6401400000	
                147.5440010000	
                147.5440010000	
                147.5440010000	
                147.5440010000	
                147.5440010000	
                147.4332190000	
                147.4332190000	
                147.4332190000	
                147.4332190000	
                147.4332190000	
                147.3077940000	
                147.3077940000	
                147.3077940000	
                147.3077940000	
                147.3077940000	
                147.1678750000	
                147.1678750000	
                147.1678750000	
                147.1678750000	
                147.1678750000	
                147.0131650000	
                147.0131650000	
                147.0131650000	
                147.0131650000	
                147.0131650000	
                146.8439600000	
                146.8439600000	
                146.8439600000	
                146.8439600000	
                146.8439600000	
                146.6604080000	
                146.6604080000	
                146.6604080000	
                146.6604080000	
                146.6604080000	
                146.4622140000	
                146.4622140000	
                146.4622140000	
                146.4622140000	
                146.4622140000	
                146.2498200000	
                146.2498200000	
                146.2498200000	
                146.2498200000	
                146.2498200000	
                146.0230800000	
                146.0230800000	
                146.0230800000	
                146.0230800000	
                146.0230800000	
                145.7819920000	
                145.7819920000	
                145.7819920000	
                145.7819920000	
                145.7819920000	
                145.5268540000	
                145.5268540000	
                145.5268540000	
                145.5268540000	
                145.5268540000	
                145.2575160000	
                145.2575160000	
                145.2575160000	
                145.2575160000	
                145.2575160000	
                144.9742760000	
                144.9742760000	
                144.9742760000	
                144.9742760000	
                144.9742760000	
                144.6769840000	
                144.6769840000	
                144.6769840000	
                144.6769840000	
                144.6769840000	
                144.3659370000	
                144.3659370000	
                144.3659370000	
                144.3659370000	
                144.3659370000	
                144.0409860000	
                144.0409860000	
                144.0409860000	
                144.0409860000	
                144.0409860000	
                143.7025770000	
                143.7025770000	
                143.7025770000	
                143.7025770000	
                143.7025770000	
                143.3505590000	
                143.3505590000	
                143.3505590000	
                143.3505590000	
                143.3505590000	
                142.9849350000	
                142.9849350000	
                142.9849350000	
                142.9849350000	
                142.9849350000	
                142.6061470000	
                142.6061470000	
                142.6061470000	
                142.6061470000	
                142.6061470000	
                142.2140470000	
                142.2140470000	
                142.2140470000	
                142.2140470000	
                142.2140470000	
                141.8087830000	
                141.8087830000	
                141.8087830000	
                141.8087830000	
                141.8087830000	
                141.3906520000	
                141.3906520000	
                141.3906520000	
                141.3906520000	
                141.3906520000	
                140.9595050000	
                140.9595050000	
                140.9595050000	
                140.9595050000	
                140.9595050000	
                140.5156380000	
                140.5156380000	
                140.5156380000	
                140.5156380000	
                140.5156380000	
                140.0591990000	
                140.0591990000	
                140.0591990000	
                140.0591990000	
                140.0591990000	
                139.5903360000	
                139.5903360000	
                139.5903360000	
                139.5903360000	
                139.5903360000	
                139.1089000000	
                139.1089000000	
                139.1089000000	
                139.1089000000	
                139.1089000000	
                138.6153370000	
                138.6153370000	
                138.6153370000	
                138.6153370000	
                138.6153370000	
                138.1097930000	
                138.1097930000	
                138.1097930000	
                138.1097930000	
                138.1097930000	
                137.5922690000	
                137.5922690000	
                137.5922690000	
                137.5922690000	
                137.5922690000	
                137.0629120000	
                137.0629120000	
                137.0629120000	
                137.0629120000	
                137.0629120000	
                136.5220180000	
                136.5220180000	
                136.5220180000	
                136.5220180000	
                136.5220180000	
                135.9694400000	
                135.9694400000	
                135.9694400000	
                135.9694400000	
                135.9694400000	
                135.4057690000	
                135.4057690000	
                135.4057690000	
                135.4057690000	
                135.4057690000	
                134.8308570000	
                134.8308570000	
                134.8308570000	
                134.8308570000	
                134.8308570000	
                134.2448520000	
                134.2448520000	
                134.2448520000	
                134.2448520000	
                134.2448520000	
                133.6481970000	
                133.6481970000	
                133.6481970000	
                133.6481970000	
                133.6481970000	
                133.0407460000	
                133.0407460000	
                133.0407460000	
                133.0407460000	
                133.0407460000	
                132.4227930000	
                132.4227930000	
                132.4227930000	
                132.4227930000	
                132.4227930000	
                131.7944870000	
                131.7944870000	
                131.7944870000	
                131.7944870000	
                131.7944870000	
                131.1561230000	
                131.1561230000	
                131.1561230000	
                131.1561230000	
                131.1561230000	
                130.5077010000	
                130.5077010000	
                130.5077010000	
                130.5077010000	
                130.5077010000	
                129.8495180000	
                129.8495180000	
                129.8495180000	
                129.8495180000	
                129.8495180000	
                129.1817210000	
                129.1817210000	
                129.1817210000	
                129.1817210000	
                129.1817210000	
                128.5046050000	
                128.5046050000	
                128.5046050000	
                128.5046050000	
                128.5046050000	
                127.8180240000	
                127.8180240000	
                127.8180240000	
                127.8180240000	
                127.8180240000	
                127.1225680000	
                127.1225680000	
                127.1225680000	
                127.1225680000	
                127.1225680000	
                126.4180900000	
                126.4180900000	
                126.4180900000	
                126.4180900000	
                126.4180900000	
                125.7050330000	
                125.7050330000	
                125.7050330000	
                125.7050330000	
                125.7050330000	
                124.9835460000	
                124.9835460000	
                124.9835460000	
                124.9835460000	
                124.9835460000	
                124.2536280000	
                124.2536280000	
                124.2536280000	
                124.2536280000	
                124.2536280000	
                123.5155750000	
                123.5155750000	
                123.5155750000	
                123.5155750000	
                123.5155750000	
                122.7698310000	
                122.7698310000	
                122.7698310000	
                122.7698310000	
                122.7698310000	
                122.0161010000	
                122.0161010000	
                122.0161010000	
                122.0161010000	
                122.0161010000	
                121.2549740000	
                121.2549740000	
                121.2549740000	
                121.2549740000	
                121.2549740000	
                120.4866010000	
                120.4866010000	
                120.4866010000	
                120.4866010000	
                120.4866010000	
                119.7111280000	
                119.7111280000	
                119.7111280000	
                119.7111280000	
                119.7111280000	
                118.9285550000	
                118.9285550000	
                118.9285550000	
                118.9285550000	
                118.9285550000	
                118.1394750000	
                118.1394750000	
                118.1394750000	
                118.1394750000	
                118.1394750000	
                117.3437380000	
                117.3437380000	
                117.3437380000	
                117.3437380000	
                117.3437380000	
                116.5417900000	
                116.5417900000	
                116.5417900000	
                116.5417900000	
                116.5417900000	
                115.7336300000	
                115.7336300000	
                115.7336300000	
                115.7336300000	
                115.7336300000	
                114.9197010000	
                114.9197010000	
                114.9197010000	
                114.9197010000	
                114.9197010000	
                114.1000040000	
                114.1000040000	
                114.1000040000	
                114.1000040000	
                114.1000040000	
                113.2746860000	
                113.2746860000	
                113.2746860000	
                113.2746860000	
                113.2746860000	
                112.4441920000	
                112.4441920000	
                112.4441920000	
                112.4441920000	
                112.4441920000	
                111.6086690000	
                111.6086690000	
                111.6086690000	
                111.6086690000	
                111.6086690000	
                110.7682650000	
                110.7682650000	
                110.7682650000	
                110.7682650000	
                110.7682650000	
                109.9231280000	
                109.9231280000	
                109.9231280000	
                109.9231280000	
                109.9231280000	
                109.0735540000	
                109.0735540000	
                109.0735540000	
                109.0735540000	
                109.0735540000	
                108.2196900000	
                108.2196900000	
                108.2196900000	
                108.2196900000	
                108.2196900000	
                107.3616850000	
                107.3616850000	
                107.3616850000	
                107.3616850000	
                107.3616850000	
                106.4998350000	
                106.4998350000	
                106.4998350000	
                106.4998350000	
                106.4998350000	
                105.6344350000	
                105.6344350000	
                105.6344350000	
                105.6344350000	
                105.6344350000	
                104.7654850000	
                104.7654850000	
                104.7654850000	
                104.7654850000	
                104.7654850000	
                103.8932810000	
                103.8932810000	
                103.8932810000	
                103.8932810000	
                103.8932810000	
                103.0181190000	
                103.0181190000	
                103.0181190000	
                103.0181190000	
                103.0181190000	
                102.1399990000	
                102.1399990000	
                102.1399990000	
                102.1399990000	
                102.1399990000	
                101.2593640000	
                101.2593640000	
                101.2593640000	
                101.2593640000	
                101.2593640000	
                100.3760670000	
                100.3760670000	
                100.3760670000	
                100.3760670000	
                100.3760670000	
                 99.4907000000	
                 99.4907000000	
                 99.4907000000	
                 99.4907000000	
                 99.4907000000	
                 98.6031140000	
                 98.6031140000	
                 98.6031140000	
                 98.6031140000	
                 98.6031140000	
                 97.7137530000	
                 97.7137530000	
                 97.7137530000	
                 97.7137530000	
                 97.7137530000	
                 96.8227650000	
                 96.8227650000	
                 96.8227650000	
                 96.8227650000	
                 96.8227650000	
                 95.9302980000	
                 95.9302980000	
                 95.9302980000	
                 95.9302980000	
                 95.9302980000	
                 95.0363510000	
                 95.0363510000	
                 95.0363510000	
                 95.0363510000	
                 95.0363510000	
                 94.1415180000	
                 94.1415180000	
                 94.1415180000	
                 94.1415180000	
                 94.1415180000	
                 93.2456490000	
                 93.2456490000	
                 93.2456490000	
                 93.2456490000	
                 93.2456490000	
                 92.3491880000	
                 92.3491880000	
                 92.3491880000	
                 92.3491880000	
                 92.3491880000	
                 91.4521360000	
                 91.4521360000	
                 91.4521360000	
                 91.4521360000	
                 91.4521360000	
                 90.5546400000	
                 90.5546400000	
                 90.5546400000	
                 90.5546400000	
                 90.5546400000	
                 89.6569970000	
                 89.6569970000	
                 89.6569970000	
                 89.6569970000	
                 89.6569970000	
                 88.7595010000	
                 88.7595010000	
                 88.7595010000	
                 88.7595010000	
                 88.7595010000	
                 87.8620050000	
                 87.8620050000	
                 87.8620050000	
                 87.8620050000	
                 87.8620050000	
                 86.9649530000	
                 86.9649530000	
                 86.9649530000	
                 86.9649530000	
                 86.9649530000	
                 86.0684920000	
                 86.0684920000	
                 86.0684920000	
                 86.0684920000	
                 86.0684920000	
                 85.1727710000	
                 85.1727710000	
                 85.1727710000	
                 85.1727710000	
                 85.1727710000	
                 84.2777900000	
                 84.2777900000	
                 84.2777900000	
                 84.2777900000	
                 84.2777900000	
                 83.3839920000	
                 83.3839920000	
                 83.3839920000	
                 83.3839920000	
                 83.3839920000	
                 82.4913770000	
                 82.4913770000	
                 82.4913770000	
                 82.4913770000	
                 82.4913770000	
                 81.6000930000	
                 81.6000930000	
                 81.6000930000	
                 81.6000930000	
                 81.6000930000	
                 80.7104360000	
                 80.7104360000	
                 80.7104360000	
                 80.7104360000	
                 80.7104360000	
                 79.8225540000	
                 79.8225540000	
                 79.8225540000	
                 79.8225540000	
                 79.8225540000	
                 78.9364470000	
                 78.9364470000	
                 78.9364470000	
                 78.9364470000	
                 78.9364470000	
                 78.0522630000	
                 78.0522630000	
                 78.0522630000	
                 78.0522630000	
                 78.0522630000	
                 77.1704450000	
                 77.1704450000	
                 77.1704450000	
                 77.1704450000	
                 77.1704450000	
                 76.2908460000	
                 76.2908460000	
                 76.2908460000	
                 76.2908460000	
                 76.2908460000	
                 75.4136130000	
                 75.4136130000	
                 75.4136130000	
                 75.4136130000	
                 75.4136130000	
                 74.5391910000	
                 74.5391910000	
                 74.5391910000	
                 74.5391910000	
                 74.5391910000	
                 73.6674300000	
                 73.6674300000	
                 73.6674300000	
                 73.6674300000	
                 73.6674300000	
                 72.7986280000	
                 72.7986280000	
                 72.7986280000	
                 72.7986280000	
                 72.7986280000	
                 71.9327840000	
                 71.9327840000	
                 71.9327840000	
                 71.9327840000	
                 71.9327840000	
                 71.0701940000	
                 71.0701940000	
                 71.0701940000	
                 71.0701940000	
                 71.0701940000	
                 70.2110060000	
                 70.2110060000	
                 70.2110060000	
                 70.2110060000	
                 70.2110060000	
                 69.3550720000	
                 69.3550720000	
                 69.3550720000	
                 69.3550720000	
                 69.3550720000	
                 68.5028360000	
                 68.5028360000	
                 68.5028360000	
                 68.5028360000	
                 68.5028360000	
                 67.6542970000	
                 67.6542970000	
                 67.6542970000	
                 67.6542970000	
                 67.6542970000	
                 66.8096040000	
                 66.8096040000	
                 66.8096040000	
                 66.8096040000	
                 66.8096040000	
                 65.9687560000	
                 65.9687560000	
                 65.9687560000	
                 65.9687560000	
                 65.9687560000	
                 65.1320490000	
                 65.1320490000	
                 65.1320490000	
                 65.1320490000	
                 65.1320490000	
                 64.2994850000	
                 64.2994850000	
                 64.2994850000	
                 64.2994850000	
                 64.2994850000	
                 63.4712090000	
                 63.4712090000	
                 63.4712090000	
                 63.4712090000	
                 63.4712090000	
                 62.6473700000	
                 62.6473700000	
                 62.6473700000	
                 62.6473700000	
                 62.6473700000	
                 61.8279690000	
                 61.8279690000	
                 61.8279690000	
                 61.8279690000	
                 61.8279690000	
                 61.0131530000	
                 61.0131530000	
                 61.0131530000	
                 61.0131530000	
                 61.0131530000	
                 60.2030700000	
                 60.2030700000	
                 60.2030700000	
                 60.2030700000	
                 60.2030700000	
                 59.3978670000	
                 59.3978670000	
                 59.3978670000	
                 59.3978670000	
                 59.3978670000	
                 58.5975460000	
                 58.5975460000	
                 58.5975460000	
                 58.5975460000	
                 58.5975460000	
                 57.8021050000	
                 57.8021050000	
                 57.8021050000	
                 57.8021050000	
                 57.8021050000	
                 57.0118420000	
                 57.0118420000	
                 57.0118420000	
                 57.0118420000	
                 57.0118420000	
                 56.2267550000	
                 56.2267550000	
                 56.2267550000	
                 56.2267550000	
                 56.2267550000	
                 55.4469920000	
                 55.4469920000	
                 55.4469920000	
                 55.4469920000	
                 55.4469920000	
                 54.6725550000	
                 54.6725550000	
                 54.6725550000	
                 54.6725550000	
                 54.6725550000	
                 53.9034410000	
                 53.9034410000	
                 53.9034410000	
                 53.9034410000	
                 53.9034410000	
                 53.1398010000	
                 53.1398010000	
                 53.1398010000	
                 53.1398010000	
                 53.1398010000	
                 52.3819290000	
                 52.3819290000	
                 52.3819290000	
                 52.3819290000	
                 52.3819290000	
                 51.6295290000	
                 51.6295290000	
                 51.6295290000	
                 51.6295290000	
                 51.6295290000	
                 50.8828980000	
                 50.8828980000	
                 50.8828980000	
                 50.8828980000	
                 50.8828980000	
                 50.1420340000	
                 50.1420340000	
                 50.1420340000	
                 50.1420340000	
                 50.1420340000	
                 49.4069400000	
                 49.4069400000	
                 49.4069400000	
                 49.4069400000	
                 49.4069400000	
                 48.6779090000	
                 48.6779090000	
                 48.6779090000	
                 48.6779090000	
                 48.6779090000	
                 47.9546470000	
                 47.9546470000	
                 47.9546470000	
                 47.9546470000	
                 47.9546470000	
                 47.2375970000	
                 47.2375970000	
                 47.2375970000	
                 47.2375970000	
                 47.2375970000	
                 46.5264630000	
                 46.5264630000	
                 46.5264630000	
                 46.5264630000	
                 46.5264630000	
                 45.8215410000	
                 45.8215410000	
                 45.8215410000	
                 45.8215410000	
                 45.8215410000	
                 45.1226840000	
                 45.1226840000	
                 45.1226840000	
                 45.1226840000	
                 45.1226840000	
                 44.4300380000	
                 44.4300380000	
                 44.4300380000	
                 44.4300380000	
                 44.4300380000	
                 43.7437530000	
                 43.7437530000	
                 43.7437530000	
                 43.7437530000	
                 43.7437530000	
                 43.0636790000	
                 43.0636790000	
                 43.0636790000	
                 43.0636790000	
                 43.0636790000	
                 42.3899660000	
                 42.3899660000	
                 42.3899660000	
                 42.3899660000	
                 42.3899660000	
                 41.7226120000	
                 41.7226120000	
                 41.7226120000	
                 41.7226120000	
                 41.7226120000	
                 41.0616190000	
                 41.0616190000	
                 41.0616190000	
                 41.0616190000	
                 41.0616190000	
                 40.4071330000	
                 40.4071330000	
                 40.4071330000	
                 40.4071330000	
                 40.4071330000	
                 39.7590070000	
                 39.7590070000	
                 39.7590070000	
                 39.7590070000	
                 39.7590070000	
                 39.1173890000	
                 39.1173890000	
                 39.1173890000	
                 39.1173890000	
                 39.1173890000	
                 38.4822790000	
                 38.4822790000	
                 38.4822790000	
                 38.4822790000	
                 38.4822790000	
                 37.8536770000	
                 37.8536770000	
                 37.8536770000	
                 37.8536770000	
                 37.8536770000	
                 37.2317310000	
                 37.2317310000	
                 37.2317310000	
                 37.2317310000	
                 37.2317310000	
                 36.6161450000	
                 36.6161450000	
                 36.6161450000	
                 36.6161450000	
                 36.6161450000	
                 36.0072140000	
                 36.0072140000	
                 36.0072140000	
                 36.0072140000	
                 36.0072140000	
                 35.4049390000	
                 35.4049390000	
                 35.4049390000	
                 35.4049390000	
                 35.4049390000	
                 34.8091730000	
                 34.8091730000	
                 34.8091730000	
                 34.8091730000	
                 34.8091730000	
                 34.2200610000	
                 34.2200610000	
                 34.2200610000	
                 34.2200610000	
                 34.2200610000	
                 33.6374580000	
                 33.6374580000	
                 33.6374580000	
                 33.6374580000	
                 33.6374580000	
                 33.0615110000	
                 33.0615110000	
                 33.0615110000	
                 33.0615110000	
                 33.0615110000	
                 32.4922190000	
                 32.4922190000	
                 32.4922190000	
                 32.4922190000	
                 32.4922190000	
                 31.9294350000	
                 31.9294350000	
                 31.9294350000	
                 31.9294350000	
                 31.9294350000	
                 31.3733080000	
                 31.3733080000	
                 31.3733080000	
                 31.3733080000	
                 31.3733080000	
                 30.8238350000	
                 30.8238350000	
                 30.8238350000	
                 30.8238350000	
                 30.8238350000	
                 30.2808710000	
                 30.2808710000	
                 30.2808710000	
                 30.2808710000	
                 30.2808710000	
                 29.7445630000	
                 29.7445630000	
                 29.7445630000	
                 29.7445630000	
                 29.7445630000	
                 29.2147620000	
                 29.2147620000	
                 29.2147620000	
                 29.2147620000	
                 29.2147620000	
                 28.6916170000	
                 28.6916170000	
                 28.6916170000	
                 28.6916170000	
                 28.6916170000	
                 28.1749800000	
                 28.1749800000	
                 28.1749800000	
                 28.1749800000	
                 28.1749800000	
                 27.6648510000	
                 27.6648510000	
                 27.6648510000	
                 27.6648510000	
                 27.6648510000	
                 27.1612300000	
                 27.1612300000	
                 27.1612300000	
                 27.1612300000	
                 27.1612300000	
                 26.6641170000	
                 26.6641170000	
                 26.6641170000	
                 26.6641170000	
                 26.6641170000	
                 26.1735110000	
                 26.1735110000	
                 26.1735110000	
                 26.1735110000	
                 26.1735110000	
                 25.6892660000	
                 25.6892660000	
                 25.6892660000	
                 25.6892660000	
                 25.6892660000	
                 25.2115280000	
                 25.2115280000	
                 25.2115280000	
                 25.2115280000	
                 25.2115280000	
                 24.7401500000	
                 24.7401500000	
                 24.7401500000	
                 24.7401500000	
                 24.7401500000	
                 24.2752810000	
                 24.2752810000	
                 24.2752810000	
                 24.2752810000	
                 24.2752810000	
                 23.8166230000	
                 23.8166230000	
                 23.8166230000	
                 23.8166230000	
                 23.8166230000	
                 23.3643250000	
                 23.3643250000	
                 23.3643250000	
                 23.3643250000	
                 23.3643250000	
                 22.9183880000	
                 22.9183880000	
                 22.9183880000	
                 22.9183880000	
                 22.9183880000	
                 22.4786620000	
                 22.4786620000	
                 22.4786620000	
                 22.4786620000	
                 22.4786620000	
                 22.0451480000	
                 22.0451480000	
                 22.0451480000	
                 22.0451480000	
                 22.0451480000	
                 21.6178470000	
                 21.6178470000	
                 21.6178470000	
                 21.6178470000	
                 21.6178470000	
                 21.1967570000	
                 21.1967570000	
                 21.1967570000	
                 21.1967570000	
                 21.1967570000	
                 20.7817320000	
                 20.7817320000	
                 20.7817320000	
                 20.7817320000	
                 20.7817320000	
                 20.3727710000	
                 20.3727710000	
                 20.3727710000	
                 20.3727710000	
                 20.3727710000	
                 19.9698740000	
                 19.9698740000	
                 19.9698740000	
                 19.9698740000	
                 19.9698740000	
                 19.5730410000	
                 19.5730410000	
                 19.5730410000	
                 19.5730410000	
                 19.5730410000	
                 19.1821250000	
                 19.1821250000	
                 19.1821250000	
                 19.1821250000	
                 19.1821250000	
                 18.7971250000	
                 18.7971250000	
                 18.7971250000	
                 18.7971250000	
                 18.7971250000	
                 18.4180400000	
                 18.4180400000	
                 18.4180400000	
                 18.4180400000	
                 18.4180400000	
                 18.0448730000	
                 18.0448730000	
                 18.0448730000	
                 18.0448730000	
                 18.0448730000	
                 17.6773250000	
                 17.6773250000	
                 17.6773250000	
                 17.6773250000	
                 17.6773250000	
                 17.3156940000	
                 17.3156940000	
                 17.3156940000	
                 17.3156940000	
                 17.3156940000	
                 16.9596840000	
                 16.9596840000	
                 16.9596840000	
                 16.9596840000	
                 16.9596840000	
                 16.6092930000	
                 16.6092930000	
                 16.6092930000	
                 16.6092930000	
                 16.6092930000	
                 16.2645240000	
                 16.2645240000	
                 16.2645240000	
                 16.2645240000	
                 16.2645240000	
                 15.9253740000	
                 15.9253740000	
                 15.9253740000	
                 15.9253740000	
                 15.9253740000	
                 15.5916980000	
                 15.5916980000	
                 15.5916980000	
                 15.5916980000	
                 15.5916980000	
                 15.2634930000	
                 15.2634930000	
                 15.2634930000	
                 15.2634930000	
                 15.2634930000	
                 14.9406140000	
                 14.9406140000	
                 14.9406140000	
                 14.9406140000	
                 14.9406140000	
                 14.6232070000	
                 14.6232070000	
                 14.6232070000	
                 14.6232070000	
                 14.6232070000	
                 14.3111240000	
                 14.3111240000	
                 14.3111240000	
                 14.3111240000	
                 14.3111240000	
                 14.0042190000	
                 14.0042190000	
                 14.0042190000	
                 14.0042190000	
                 14.0042190000	
                 13.7026370000	
                 13.7026370000	
                 13.7026370000	
                 13.7026370000	
                 13.7026370000	
                 13.4060850000	
                 13.4060850000	
                 13.4060850000	
                 13.4060850000	
                 13.4060850000	
                 13.1147100000	
                 13.1147100000	
                 13.1147100000	
                 13.1147100000	
                 13.1147100000	
                 12.8283630000	
                 12.8283630000	
                 12.8283630000	
                 12.8283630000	
                 12.8283630000	
                 12.5470450000	
                 12.5470450000	
                 12.5470450000	
                 12.5470450000	
                 12.5470450000	
                 12.2706080000	
                 12.2706080000	
                 12.2706080000	
                 12.2706080000	
                 12.2706080000	
                 11.9990520000	
                 11.9990520000	
                 11.9990520000	
                 11.9990520000	
                 11.9990520000	
                 11.7323770000	
                 11.7323770000	
                 11.7323770000	
                 11.7323770000	
                 11.7323770000	
                 11.4704340000	
                 11.4704340000	
                 11.4704340000	
                 11.4704340000	
                 11.4704340000	
                 11.2133730000	
                 11.2133730000	
                 11.2133730000	
                 11.2133730000	
                 11.2133730000	
                 10.9607490000	
                 10.9607490000	
                 10.9607490000	
                 10.9607490000	
                 10.9607490000	
                 10.7128580000	
                 10.7128580000	
                 10.7128580000	
                 10.7128580000	
                 10.7128580000	
                 10.4695520000	
                 10.4695520000	
                 10.4695520000	
                 10.4695520000	
                 10.4695520000	
                 10.2306830000	
                 10.2306830000	
                 10.2306830000	
                 10.2306830000	
                 10.2306830000	
                  9.9962520000	
                  9.9962520000	
                  9.9962520000	
                  9.9962520000	
                  9.9962520000	
                  9.7662570000	
                  9.7662570000	
                  9.7662570000	
                  9.7662570000	
                  9.7662570000	
                  9.5407000000	
                  9.5407000000	
                  9.5407000000	
                  9.5407000000	
                  9.5407000000	
                  9.3192840000	
                  9.3192840000	
                  9.3192840000	
                  9.3192840000	
                  9.3192840000	
                  9.1021580000	
                  9.1021580000	
                  9.1021580000	
                  9.1021580000	
                  9.1021580000	
                  8.8891720000	
                  8.8891720000	
                  8.8891720000	
                  8.8891720000	
                  8.8891720000	
                  8.6801810000	
                  8.6801810000	
                  8.6801810000	
                  8.6801810000	
                  8.6801810000	
                  8.4754780000	
                  8.4754780000	
                  8.4754780000	
                  8.4754780000	
                  8.4754780000	
                  8.2746210000	
                  8.2746210000	
                  8.2746210000	
                  8.2746210000	
                  8.2746210000	
                  8.0777580000	
                  8.0777580000	
                  8.0777580000	
                  8.0777580000	
                  8.0777580000	
                  7.8847400000	
                  7.8847400000	
                  7.8847400000	
                  7.8847400000	
                  7.8847400000	
                  7.6957160000	
                  7.6957160000	
                  7.6957160000	
                  7.6957160000	
                  7.6957160000	
                  7.5103890000	
                  7.5103890000	
                  7.5103890000	
                  7.5103890000	
                  7.5103890000	
                  7.3287600000	
                  7.3287600000	
                  7.3287600000	
                  7.3287600000	
                  7.3287600000	
                  7.1508290000	
                  7.1508290000	
                  7.1508290000	
                  7.1508290000	
                  7.1508290000	
                  6.9764470000	
                  6.9764470000	
                  6.9764470000	
                  6.9764470000	
                  6.9764470000	
                  6.8057630000	
                  6.8057630000	
                  6.8057630000	
                  6.8057630000	
                  6.8057630000	
                  6.6384810000	
                  6.6384810000	
                  6.6384810000	
                  6.6384810000	
                  6.6384810000	
                  6.4747490000	
                  6.4747490000	
                  6.4747490000	
                  6.4747490000	
                  6.4747490000	
                  6.3144180000	
                  6.3144180000	
                  6.3144180000	
                  6.3144180000	
                  6.3144180000	
                  6.1573420000	
                  6.1573420000	
                  6.1573420000	
                  6.1573420000	
                  6.1573420000	
                  6.0036670000	
                  6.0036670000	
                  6.0036670000	
                  6.0036670000	
                  6.0036670000	
                  5.8532460000	
                  5.8532460000	
                  5.8532460000	
                  5.8532460000	
                  5.8532460000
